0.000000 
-0.003208 
-0.002730 
-0.001974 
0.004755 
0.023969 
0.038965 
0.029173 
0.007994 
0.001528 
0.000927 
-0.017203 
-0.039378 
-0.039935 
-0.036658 
-0.056704 
-0.071536 
-0.042595 
-0.005804 
-0.021096 
-0.062220 
-0.057516 
-0.017601 
-0.009013 
-0.018800 
0.027059 
0.114387 
0.142157 
0.083764 
0.024179 
0.023133 
0.055027 
0.087607 
0.107188 
0.077022 
-0.007787 
-0.050845 
0.019258 
0.093830 
0.028056 
-0.100779 
-0.093210 
0.034716 
0.063095 
-0.061768 
-0.134315 
-0.034414 
0.092043 
0.099342 
0.049265 
0.029848 
-0.005554 
-0.077593 
-0.073494 
0.040476 
0.094573 
-0.025457 
-0.172776 
-0.168718 
-0.070681 
-0.025334 
-0.012977 
0.053768 
0.107106 
0.023129 
-0.140082 
-0.204272 
-0.114428 
0.037233 
0.155274 
0.163586 
-0.006589 
-0.272078 
-0.347513 
-0.056058 
0.376014 
0.546227 
0.352133 
0.040352 
-0.158750 
-0.212799 
-0.144747 
0.016081 
0.115101 
-0.023983 
-0.295705 
-0.358122 
-0.095801 
0.187765 
0.187746 
-0.005712 
-0.119741 
-0.117555 
-0.148459 
-0.203078 
-0.116241 
0.114284 
0.290895 
0.327914 
0.344538 
0.383447 
0.298135 
0.047339 
-0.138654 
-0.076121 
0.082143 
0.096772 
0.015412 
0.031961 
0.104620 
0.035772 
-0.131723 
-0.151826 
-0.017490 
0.000827 
-0.164771 
-0.239634 
-0.102460 
-0.037027 
-0.231143 
-0.384448 
-0.186186 
0.108078 
0.048039 
-0.250337 
-0.262238 
0.073590 
0.223109 
-0.074056 
-0.355041 
-0.153035 
0.274651 
0.357532 
0.062119 
-0.140286 
-0.025438 
0.136767 
0.107672 
0.032582 
0.113492 
0.239494 
0.179186 
-0.026446 
-0.104028 
0.062499 
0.269750 
0.262465 
0.054590 
-0.097620 
-0.023880 
0.142234 
0.145327 
-0.031637 
-0.139127 
-0.045028 
0.041898 
-0.088016 
-0.242810 
-0.076935 
0.312315 
0.426434 
0.095126 
-0.239917 
-0.201628 
-0.049545 
-0.189021 
-0.428144 
-0.271022 
0.205112 
0.397192 
0.125182 
-0.102843 
0.042209 
0.198251 
0.005121 
-0.254525 
-0.190831 
-0.017390 
-0.134036 
-0.352835 
-0.215192 
0.145099 
0.186854 
-0.084498 
-0.112746 
0.210658 
0.313856 
-0.082819 
-0.479578 
-0.417794 
-0.150701 
-0.076296 
-0.063817 
0.151406 
0.367361 
0.264847 
0.007171 
-0.054100 
0.013749 
-0.055536 
-0.158194 
-0.028151 
0.196853 
0.190672 
0.054590 
0.129203 
0.321527 
0.250142 
-0.007211 
0.017887 
0.345662 
0.456561 
0.159998 
-0.106895 
-0.059663 
-0.007073 
-0.202609 
-0.340625 
-0.110046 
0.225084 
0.248274 
0.022365 
-0.139827 
-0.221286 
-0.368209 
-0.465145 
-0.301224 
0.003062 
0.149716 
0.121073 
0.114636 
0.139192 
0.045208 
-0.124552 
-0.163651 
-0.032796 
0.129945 
0.254486 
0.315090 
0.180658 
-0.178658 
-0.441866 
-0.275772 
0.128922 
0.257553 
0.001071 
-0.225927 
-0.150422 
-0.001307 
-0.056167 
-0.204469 
-0.194403 
-0.037373 
0.081817 
0.104482 
0.084533 
0.021402 
-0.087053 
-0.130140 
-0.008477 
0.192018 
0.294271 
0.245464 
0.127753 
0.015371 
-0.074557 
-0.136745 
-0.170048 
-0.176381 
-0.117950 
0.051681 
0.259232 
0.308962 
0.101224 
-0.212453 
-0.383790 
-0.327969 
-0.147964 
0.042879 
0.211638 
0.333046 
0.340617 
0.205466 
0.018462 
-0.065022 
0.021816 
0.176941 
0.224243 
0.087850 
-0.143324 
-0.305893 
-0.281222 
-0.059618 
0.225274 
0.343841 
0.180728 
-0.084592 
-0.155696 
-0.008245 
0.095310 
0.042467 
0.050372 
0.237827 
0.315923 
0.024849 
-0.353493 
-0.345791 
-0.023877 
0.087929 
-0.171925 
-0.380363 
-0.231014 
0.018504 
0.022556 
-0.133377 
-0.177362 
-0.101156 
-0.060971 
-0.071393 
-0.091834 
-0.210789 
-0.452071 
-0.574137 
-0.361314 
0.019590 
0.231653 
0.225971 
0.226659 
0.355886 
0.524004 
0.619889 
0.601497 
0.477600 
0.361308 
0.400560 
0.497007 
0.322681 
-0.157915 
-0.468909 
-0.269606 
0.054098 
-0.093742 
-0.614475 
-0.876454 
-0.684035 
-0.483639 
-0.570386 
-0.681515 
-0.536675 
-0.251542 
0.008474 
0.313212 
0.648934 
0.754344 
0.575656 
0.482729 
0.696345 
0.870579 
0.633354 
0.219044 
0.114947 
0.316850 
0.399854 
0.176685 
-0.166532 
-0.491341 
-0.809803 
-1.000000 
-0.857969 
-0.480507 
-0.222693 
-0.208192 
-0.214830 
-0.104304 
-0.012189 
-0.008752 
0.070971 
0.283754 
0.385884 
0.220042 
0.032743 
0.126471 
0.386976 
0.464715 
0.309619 
0.199230 
0.263447 
0.299298 
0.129826 
-0.120215 
-0.245324 
-0.253926 
-0.268615 
-0.281422 
-0.222318 
-0.180619 
-0.305881 
-0.490867 
-0.424405 
-0.061345 
0.205869 
0.047392 
-0.306444 
-0.344228 
0.024726 
0.351860 
0.270719 
-0.045711 
-0.181183 
-0.015013 
0.224075 
0.312185 
0.243701 
0.140763 
0.108192 
0.173514 
0.270642 
0.290289 
0.207652 
0.126583 
0.139262 
0.194750 
0.171799 
0.032755 
-0.156299 
-0.303260 
-0.333335 
-0.230205 
-0.103509 
-0.128966 
-0.327450 
-0.482187 
-0.385044 
-0.097892 
0.147219 
0.239932 
0.240254 
0.186331 
0.039899 
-0.150678 
-0.197484 
0.017925 
0.357315 
0.538833 
0.430987 
0.186836 
0.061190 
0.106163 
0.105331 
-0.131347 
-0.463471 
-0.552363 
-0.306873 
-0.024265 
-0.001072 
-0.169184 
-0.260733 
-0.193764 
-0.098032 
-0.046270 
0.022013 
0.136273 
0.249955 
0.351812 
0.442885 
0.418237 
0.176963 
-0.136840 
-0.227875 
-0.044870 
0.128784 
0.066635 
-0.124839 
-0.238097 
-0.261724 
-0.271938 
-0.210557 
-0.003922 
0.211612 
0.229772 
0.088203 
0.014268 
0.081898 
0.145385 
0.113757 
0.063553 
0.048533 
0.020325 
-0.008687 
0.052010 
0.155888 
0.127236 
-0.021339 
-0.052521 
0.065594 
0.005064 
-0.392683 
-0.735371 
-0.601127 
-0.202224 
-0.066622 
-0.214160 
-0.199296 
0.070822 
0.180533 
-0.020547 
-0.114823 
0.143698 
0.368667 
0.219749 
0.024939 
0.205184 
0.497201 
0.374941 
-0.037220 
-0.149715 
0.132467 
0.307855 
0.123948 
-0.110963 
-0.137599 
-0.083694 
-0.056619 
0.061101 
0.230249 
0.171240 
-0.126408 
-0.275784 
-0.096576 
0.101014 
0.069666 
0.001669 
0.079633 
0.119376 
-0.008582 
-0.061499 
0.084872 
0.085828 
-0.262282 
-0.496474 
-0.152119 
0.397061 
0.426619 
-0.043894 
-0.343247 
-0.209740 
-0.033889 
-0.044884 
0.003938 
0.189918 
0.159804 
-0.197323 
-0.417217 
-0.182268 
0.124271 
0.031791 
-0.257379 
-0.236787 
0.064787 
0.184790 
0.031250 
-0.000769 
0.244443 
0.379415 
0.101149 
-0.299009 
-0.364817 
-0.133169 
0.003994 
-0.059906 
-0.050915 
0.141183 
0.223731 
-0.027545 
-0.362195 
-0.384317 
-0.100071 
0.152381 
0.207908 
0.198040 
0.214361 
0.181988 
0.111873 
0.159017 
0.314673 
0.328844 
0.103684 
-0.090825 
-0.003700 
0.204958 
0.200578 
-0.046152 
-0.265178 
-0.282532 
-0.179397 
-0.094792 
-0.062077 
-0.043387 
-0.006743 
0.028818 
-0.015074 
-0.167178 
-0.279132 
-0.166057 
0.088516 
0.190683 
0.080567 
0.046127 
0.239064 
0.378862 
0.193633 
-0.117625 
-0.195225 
-0.078079 
-0.072581 
-0.203923 
-0.203013 
0.012408 
0.219876 
0.259987 
0.201468 
0.125233 
0.030409 
-0.037359 
-0.029142 
-0.051367 
-0.214200 
-0.358547 
-0.239776 
0.040090 
0.121243 
-0.079520 
-0.270830 
-0.263208 
-0.179991 
-0.111207 
0.059780 
0.323426 
0.395352 
0.136276 
-0.159664 
-0.156933 
0.054731 
0.146172 
0.037716 
-0.069436 
-0.056124 
-0.015217 
-0.027223 
-0.018828 
0.089434 
0.213500 
0.177502 
-0.053042 
-0.274803 
-0.263125 
-0.077372 
-0.008662 
-0.154180 
-0.233614 
-0.008241 
0.303596 
0.321464 
0.087420 
-0.016871 
0.106330 
0.157196 
0.012666 
-0.040160 
0.153944 
0.261807 
-0.018671 
-0.397489 
-0.369227 
0.025755 
0.254818 
0.067845 
-0.192873 
-0.140266 
0.146504 
0.341728 
0.355323 
0.341779 
0.348221 
0.233988 
-0.033510 
-0.236135 
-0.193413 
-0.046884 
-0.065102 
-0.229005 
-0.237953 
0.041911 
0.353633 
0.381934 
0.136529 
-0.134826 
-0.272648 
-0.289217 
-0.244036 
-0.202246 
-0.228447 
-0.278054 
-0.196783 
0.034705 
0.195257 
0.130490 
0.004528 
0.028519 
0.102032 
0.000728 
-0.213150 
-0.284187 
-0.180304 
-0.095484 
-0.101130 
-0.112706 
-0.141998 
-0.244204 
-0.274000 
-0.066784 
0.186220 
0.160343 
-0.031121 
0.037627 
0.374342 
0.486269 
0.160159 
-0.190753 
-0.177572 
0.042593 
0.160919 
0.186680 
0.212169 
0.123343 
-0.099921 
-0.163166 
0.091632 
0.350563 
0.316099 
0.186206 
0.235061 
0.273238 
0.030513 
-0.238085 
-0.122291 
0.192224 
0.187461 
-0.100448 
-0.143837 
0.140757 
0.232214 
-0.079598 
-0.301366 
-0.059944 
0.265600 
0.159103 
-0.226895 
-0.368599 
-0.188731 
-0.071977 
-0.192437 
-0.300245 
-0.196061 
-0.031577 
-0.014890 
-0.083789 
-0.045759 
0.103215 
0.180537 
0.103495 
0.016506 
0.064229 
0.138511 
0.010042 
-0.290467 
-0.428473 
-0.222050 
0.052556 
0.037163 
-0.171294 
-0.177663 
0.082949 
0.255614 
0.149277 
0.005501 
0.027486 
0.037238 
-0.124399 
-0.213743 
0.010267 
0.267831 
0.123832 
-0.278901 
-0.375912 
-0.045397 
0.221582 
0.115338 
-0.057901 
0.028308 
0.172759 
0.067542 
-0.109346 
0.008987 
0.322690 
0.403494 
0.183053 
0.020206 
0.087685 
0.153432 
0.053715 
-0.040581 
0.011572 
0.058825 
-0.031810 
-0.107702 
-0.009763 
0.133102 
0.136021 
0.074229 
0.114287 
0.207919 
0.212187 
0.161630 
0.153829 
0.098287 
-0.130603 
-0.389883 
-0.422163 
-0.261342 
-0.180258 
-0.251262 
-0.263993 
-0.117057 
0.002041 
-0.077112 
-0.260798 
-0.362849 
-0.335115 
-0.221660 
-0.044578 
0.156093 
0.291689 
0.321001 
0.281186 
0.186396 
0.023243 
-0.123482 
-0.104929 
0.066005 
0.181023 
0.118838 
0.017212 
0.053711 
0.178556 
0.194207 
0.020490 
-0.231175 
-0.386528 
-0.329036 
-0.071139 
0.201330 
0.240476 
0.019126 
-0.161955 
-0.007023 
0.354170 
0.466662 
0.134761 
-0.274234 
-0.280154 
0.066818 
0.249214 
0.005563 
-0.301727 
-0.220399 
0.131416 
0.257329 
0.019474 
-0.200894 
-0.107046 
0.120471 
0.176895 
0.065279 
-0.031367 
-0.068525 
-0.104030 
-0.117479 
-0.069045 
-0.004121 
0.046670 
0.117996 
0.161070 
0.069681 
-0.045642 
0.076577 
0.352770 
0.314461 
-0.169964 
-0.550147 
-0.358582 
0.070589 
0.143888 
-0.078615 
-0.117795 
0.043474 
0.018470 
-0.179781 
-0.141082 
0.132142 
0.160381 
-0.143394 
-0.256349 
0.068838 
0.368487 
0.247143 
-0.006885 
0.005736 
0.126100 
0.017589 
-0.196691 
-0.187956 
-0.018643 
0.012348 
-0.083546 
-0.059454 
0.080745 
0.105079 
-0.012771 
-0.071606 
-0.020623 
-0.013007 
-0.085671 
-0.092989 
0.013405 
0.097435 
0.071314 
0.006384 
-0.023160 
-0.031348 
-0.028290 
0.011117 
0.062364 
0.061811 
0.016552 
-0.002500 
0.021131 
0.034856 
0.014828 
-0.010179 
-0.023755 
-0.032860 
-0.027322 
0.003396 
0.031047 
0.024650 
0.002106 
-0.003296 
0.003633 
0.003238 
0.000000 