  1.0  1.52
  1.2  0.62
  1.2  0.62
  1.2  0.62
  1.2  0.62
  1.2  0.62
  1.6  1.18
  1.6  1.18
  1.6  1.18
  1.6  1.16
  1.6  1.16
  1.7  1.16
  1.7  1.16
  1.7  1.16
  1.7  1.16
  1.7  1.16
  1.8  1.16
  1.8  1.16
  1.8  1.16
  1.8  1.16
  1.8  1.16
  1.9  1.16
  1.9  1.16
  1.9  1.16
  1.9  1.16
  1.9  1.16
  2.0  1.16
  2.0  1.16
  2.0  1.16
  2.0  1.16
  2.0  1.18
  2.1  1.18
  2.1  1.18
  2.1  1.18
  2.1  1.18
  2.1  1.18
  2.2  1.18
  2.2  1.18
  2.2  1.18
  2.2  1.18
  2.2  1.18
  2.3  1.20
  2.6  0.52
  2.6  0.52
  2.6  0.52
  2.6  0.52
  2.7  0.52
  2.7  0.52
  2.7  0.52
  2.7  0.52
  2.7  0.52
  2.8  0.52
  2.8  0.52
  2.8  0.52
  2.8  0.52
  2.8  0.52
  2.9  0.52
  2.9  0.52
  2.9  0.52
  2.9  0.52
  2.9  0.52
  3.0  0.52
  3.0  0.52
  3.0  0.52
  3.0  0.52
  3.3  0.68
  3.4  0.68
  3.4  0.68
  3.4  0.68
  3.4  0.68
  3.4  0.68
  3.5  0.68
  3.5  0.68
  3.5  0.68
  3.5  0.68
  3.5  0.68
  3.6  0.68
  3.6  0.68
  3.6  0.68
  3.6  0.68
  3.6  0.68
  3.7  0.68
  3.7  0.68
  3.7  0.68
  3.7  0.68
  3.7  0.68
  3.8  0.68
  3.8  0.68
  3.8  0.68
  3.8  0.68
  3.8  0.68
  3.9  0.68
  3.9  0.68
  3.9  0.68
  3.9  0.68
  3.9  0.68
  4.0  0.68
  4.0  0.68
  4.0  0.68
  4.0  0.68
  4.0  0.68
  4.1  0.68
  4.1  0.68
  4.1  0.68
  4.1  0.68
  4.1  0.70
  4.2  0.70
  4.2  0.70
  4.2  0.70
  4.2  0.70
  4.2  0.70
  4.3  0.70
  4.3  0.70
  4.3  0.70
  4.3  0.70
  4.3  0.70
  4.4  0.70
  4.4  0.72
  4.4  0.72
  4.4  0.72
  4.4  0.72
  4.5  0.72
  4.5  0.72
  4.5  0.72
  4.5  0.72
  4.5  0.74
  4.6  0.74
  4.6  0.74
  4.6  0.74
  4.6  0.74
  4.6  0.74
  4.7  0.74
  4.7  0.74
  4.7  0.74
  4.7  0.74
  4.7  0.74
  4.8  0.74
  4.8  0.76
  4.8  0.76
  4.8  0.76
  4.8  0.76
  4.9  0.76
  4.9  0.76
  4.9  0.76
  4.9  0.76
  4.9  0.76
  5.0  0.76
  5.0  0.76
  5.0  0.76
  5.0  0.76
  5.0  0.76
  5.1  0.76
  5.1  0.76
  5.1  0.76
  5.1  0.76
  5.1  0.76
  5.2  0.76
  5.2  0.76
  5.2  0.76
  5.2  0.76
  5.2  0.76
  5.3  0.76
  5.3  0.76
  5.3  0.76
  5.3  0.76
  5.3  0.76
  5.4  0.76
  5.4  0.76
  5.4  0.76
  5.7  2.48
  5.7  2.46
  5.8  2.46
  5.8  2.44
  5.8  2.44
  5.8  2.44
  5.8  2.44
  6.2  0.78
  6.2  0.78
  6.2  0.78
  6.2  0.78
  6.2  0.78
  6.3  0.78
  6.3  0.78
  6.3  0.78
  6.3  0.78
  6.3  0.78
  6.4  0.78
  6.4  0.78
  6.4  0.78
  6.4  0.78
  6.4  0.78
  6.5  0.78
  6.5  0.78
  6.5  0.80
  6.5  0.80
  6.5  0.80
  6.6  0.80
  6.6  0.80
  6.6  0.80
  6.6  0.80
  6.6  0.80
  6.7  0.80
  6.7  0.80
  6.7  0.80
  6.7  0.80
  6.7  0.80
  6.8  0.80
  6.8  0.80
  6.8  0.80
  6.8  0.82
  6.8  0.82
  6.9  0.82
  6.9  0.82
  6.9  0.82
  6.9  0.82
  6.9  0.82
  7.0  0.82
  7.0  0.82
  7.0  0.82
  7.0  0.82
  7.0  0.82
  7.1  0.82
  7.1  0.82
  7.1  0.82
  7.1  0.82
  7.1  0.82
  7.2  0.82
  7.2  0.82
  7.2  0.82
  7.2  0.82
  7.2  0.82
  7.3  0.82
  7.3  0.82
  7.3  0.82
  7.3  0.82
  7.3  0.82
  7.4  0.82
  7.4  0.82
  7.4  0.82
  7.4  0.82
  7.4  0.82
  7.5  0.82
  7.5  0.82
  7.5  0.82
  7.5  0.82
  7.5  0.82
  7.6  0.82
  7.6  0.82
  7.6  0.82
  7.6  0.82
  7.6  0.82
  7.7  0.82
  7.7  0.82
  7.7  0.82
  7.7  0.82
  7.7  0.82
  7.8  0.82
  7.8  0.82
  7.8  0.82
  7.8  0.82
  7.8  0.82
  7.9  0.82
  7.9  0.82
  7.9  0.82
  7.9  0.82
  7.9  0.82
  8.0  0.82
  8.0  0.82
  8.0  0.82
  8.0  0.82
  8.0  0.82
  8.1  0.82
  8.1  0.82
  8.1  0.82
  8.1  0.82
  8.1  0.82
  8.2  0.82
  8.2  0.82
  8.2  0.82
  8.2  0.82
  8.2  0.82
  8.3  0.82
  8.3  0.82
  8.3  0.82
  8.3  0.82
  8.3  0.80
  8.4  0.80
  8.4  0.80
  8.4  0.80
  8.4  0.80
  8.4  0.80
  8.5  0.80
  8.5  0.80
  8.5  0.80
  8.5  0.80
  8.5  0.80
  8.6  0.80
  8.6  0.80
  8.6  0.80
  8.6  0.80
  8.6  0.80
  8.7  0.80
  8.7  0.80
  8.7  0.80
  8.7  0.80
  8.7  0.80
  8.8  0.80
  8.8  0.80
  8.8  0.80
  8.8  0.80
  8.8  0.80
  8.9  0.80
  8.9  0.80
  8.9  0.80
  8.9  0.78
  8.9  0.78
  9.0  0.78
  9.0  0.78
  9.0  0.78
  9.0  0.78
  9.0  0.78
  9.1  0.78
  9.1  0.78
  9.1  0.78
  9.1  0.78
  9.1  0.78
  9.2  0.78
  9.2  0.78
  9.2  0.78
  9.2  0.78
  9.2  0.78
  9.3  0.78
  9.3  0.78
  9.3  0.78
  9.3  0.78
  9.3  0.78
  9.4  0.78
  9.4  0.78
  9.4  0.78
  9.4  0.78
  9.4  0.78
  9.5  0.78
  9.5  0.78
  9.5  0.78
  9.5  0.78
  9.5  0.78
  9.6  0.78
  9.6  0.78
  9.6  0.76
  9.6  0.76
  9.6  0.76
  9.7  0.76
  9.7  0.76
  9.7  0.76
  9.7  0.76
  9.7  0.76
  9.8  0.76
  9.8  0.76
  9.8  0.76
  9.8  0.76
  9.8  0.76
  9.9  0.76
  9.9  0.76
  9.9  0.76
  9.9  0.76
  9.9  0.76
 10.0  0.76
 10.0  0.76
 10.0  0.76
 10.0  0.76
 10.0  0.76
 10.1  0.76
 10.1  0.76
 10.1  0.76
 10.1  0.76
 10.1  0.76
 10.2  0.76
 10.2  0.76
 10.2  0.76
 10.2  0.76
 10.2  0.76
 10.3  0.76
 10.3  0.76
 10.3  0.76
 10.3  0.76
 10.3  0.76
 10.4  0.76
 10.4  0.76
 10.4  0.76
 10.4  0.76
 10.4  0.76
 10.5  0.76
 10.5  0.76
 10.5  0.76
 10.5  0.76
 10.5  0.76
 10.6  0.76
 10.9  1.56
 10.9  1.56
 10.9  1.56
 10.9  1.56
 11.0  1.56
 11.0  1.56
 11.0  1.56
 11.0  1.56
 11.0  1.56
 11.1  1.58
 11.1  1.58
 11.1  1.58
 11.1  1.58
 11.1  1.58
 11.2  1.58
 11.2  1.58
 11.2  1.58
 11.2  1.58
 11.2  1.58
 11.3  1.58
 11.3  1.58
 11.3  1.58
 11.3  1.58
 11.3  1.58
 11.4  1.58
 11.4  1.58
 11.4  1.58
 11.4  1.58
 11.4  1.60
 11.5  1.60
 11.5  1.60
 11.5  1.60
 11.5  1.60
 11.5  1.58
 11.6  1.58
 11.6  1.58
 11.6  1.58
 11.6  1.58
 11.6  1.58
 11.7  1.58
 11.7  1.58
 11.7  1.58
 11.7  1.58
 11.7  1.56
 11.8  1.56
 11.8  1.56
 11.8  1.56
 11.8  1.56
 11.8  1.56
 11.9  1.56
 11.9  1.56
 11.9  1.56
 11.9  1.54
 11.9  1.54
 12.0  1.54
 12.0  1.54
 12.0  1.54
 12.0  1.54
 12.0  1.54
 12.1  1.52
 12.1  1.52
 12.1  1.52
 12.1  1.52
 12.1  1.52
 12.2  1.52
 12.2  1.52
 12.2  1.50
 12.2  1.50
 12.2  1.50
 12.3  1.50
 12.3  1.48
 12.3  1.48
 12.3  1.48
 12.3  1.46
 12.4  1.46
 12.4  1.46
 12.4  1.46
 12.4  1.44
 12.4  1.44
 12.5  1.44
 12.5  1.42
 12.5  1.42
 12.5  1.42
 12.5  1.40
 12.6  1.40
 12.6  1.40
 12.6  1.38
 12.6  1.38
 12.6  1.38
 12.7  1.36
 12.7  1.36
 12.7  1.36
 12.7  1.34
 12.7  1.34
 12.8  1.32
 12.8  1.32
 12.8  1.32
 12.8  1.30
 12.8  1.30
 12.9  1.28
 12.9  1.28
 12.9  1.26
 12.9  1.26
 12.9  1.26
 13.0  1.24
 13.0  1.24
 13.0  1.24
 13.0  1.22
 13.0  1.22
 13.1  1.20
 13.1  1.20
 13.1  1.20
 13.1  1.18
 13.1  1.18
 13.2  1.18
 13.2  1.16
 13.2  1.16
 13.2  1.16
 13.2  1.14
 13.3  1.14
 13.3  1.14
 13.3  1.12
 13.3  1.12
 13.3  1.12
 13.4  1.12
 13.4  1.12
 13.4  1.10
 13.4  1.10
 13.4  1.10
 13.5  1.10
 13.5  1.10
 13.5  1.10
 13.5  1.08
 13.5  1.08
 13.6  1.08
 13.6  1.08
 13.6  1.08
 13.6  1.08
 13.6  1.08
 13.7  1.08
 13.7  1.08
 13.7  1.06
 13.7  1.06
 13.7  1.06
 13.8  1.06
 13.8  1.06
 13.8  1.06
 13.8  1.06
 13.8  1.06
 13.9  1.06
 13.9  1.06
 13.9  1.06
 13.9  1.06
 13.9  1.06
 14.0  1.06
 14.0  1.06
 14.0  1.06
 14.0  1.04
 14.0  1.04
 14.1  1.04
 14.1  1.04
 14.1  1.04
 14.1  1.04
 14.1  1.04
 14.2  1.04
 14.2  1.04
 14.2  1.04
 14.2  1.04
 14.2  1.04
 14.3  1.04
 14.3  1.04
 14.3  1.04
 14.3  1.04
 14.3  1.04
 14.4  1.04
 14.4  1.04
 14.4  1.04
 14.4  1.04
 14.4  1.04
 14.5  1.04
 14.5  1.04
 14.5  1.04
 14.5  1.04
 14.5  1.02
 14.6  1.02
 14.6  1.02
 14.6  1.02
 14.6  1.02
 14.6  1.02
 14.7  1.02
 14.7  1.02
 14.7  1.02
 14.7  1.02
 14.7  1.02
 14.8  1.02
 14.8  1.02
 14.8  1.02
 14.8  1.02
 14.8  1.02
 14.9  1.02
 14.9  1.02
 14.9  1.02
 14.9  1.02
 14.9  1.02
 15.0  1.02
 15.0  1.02
 15.0  1.02
 15.0  1.02
 15.0  1.02
 15.1  1.02
 15.1  1.02
 15.1  1.02
 15.1  1.00
 15.1  1.00
 15.2  1.00
 15.2  1.00
 15.2  1.00
 15.2  1.00
 15.2  1.00
 15.3  1.00
 15.3  1.00
 15.3  1.00
 15.3  1.00
 15.3  1.00
 15.4  1.00
 15.4  1.00
 15.4  1.00
 15.4  1.00
 15.4  1.00
 15.5  1.00
 15.5  1.00
 15.5  1.00
 15.5  1.00
 15.5  1.00
 15.6  1.00
 15.6  1.00
 15.6  1.00
 15.6  1.00
 15.6  1.00
 15.7  1.00
 15.7  1.00
 15.7  1.00
 15.7  1.00
 15.7  1.00
 15.8  0.98
 15.8  0.98
 15.8  0.98
 15.8  0.98
 15.8  0.98
 15.9  0.98
 15.9  0.98
 15.9  0.98
 15.9  0.98
 15.9  0.98
 16.0  0.98
 16.0  0.98
 16.0  0.98
 16.0  0.98
 16.0  0.98
 16.1  0.98
 16.1  0.98
 16.1  0.98
 16.1  0.98
 16.1  0.98
 16.2  0.98
 16.2  0.98
 16.2  0.98
 16.2  0.98
 16.2  0.98
 16.3  0.98
 16.3  0.98
 16.3  0.98
 16.3  0.98
 16.3  0.98
 16.4  0.98
 16.4  0.96
 16.4  0.96
 16.4  0.96
 16.4  0.96
 16.5  0.96
 16.5  0.96
 16.5  0.96
 16.5  0.96
 16.5  0.96
 16.6  0.96
 16.6  0.96
 16.6  0.96
 16.6  0.96
 16.6  0.96
 16.7  0.96
 16.7  0.96
 16.7  0.96
 16.7  0.96
 16.7  0.96
 16.8  0.96
 16.8  0.96
 16.8  0.96
 16.8  0.96
 16.8  0.96
 16.9  0.96
 16.9  0.96
 16.9  0.96
 16.9  0.96
 16.9  0.96
 17.0  0.96
 17.0  0.96
 17.0  0.96
 17.0  0.96
 17.0  0.96
 17.1  0.94
 17.1  0.94
 17.1  0.94
 17.1  0.94
 17.1  0.94
 17.2  0.94
 17.2  0.94
 17.2  0.94
 17.2  0.94
 17.2  0.94
 17.3  0.94
 17.3  0.94
 17.3  0.94
 17.3  0.94
 17.3  0.94
 17.4  0.94
 17.4  0.94
 17.4  0.94
 17.4  0.94
 17.4  0.94
 17.5  0.94
 17.5  0.94
 17.5  0.94
 17.5  0.94
 17.5  0.94
 17.6  0.94
 17.6  0.94
 17.6  0.94
 17.6  0.94
 17.6  0.94
 17.7  0.94
 17.7  0.94
 17.7  0.94
 17.7  0.94
 17.7  0.94
 17.8  0.94
 17.8  0.94
 17.8  0.94
 17.8  0.94
 17.8  0.94
 17.9  0.94
 17.9  0.94
 17.9  0.94
 17.9  0.94
 17.9  0.94
 18.0  0.94
 18.0  0.94
 18.0  0.94
 18.0  0.92
 18.0  0.92
 18.1  0.92
 18.1  0.92
 18.1  0.92
 18.1  0.92
 18.1  0.92
 18.2  0.92
 18.2  0.92
 18.2  0.92
 18.2  0.92
 18.2  0.92
 18.3  0.92
 18.3  0.92
 18.3  0.92
 18.3  0.92
 18.3  0.92
 18.4  0.92
 18.4  0.92
 18.4  0.92
 18.4  0.92
 18.4  0.92
 18.5  0.92
 18.5  0.92
 18.5  0.92
 18.5  0.92
 18.5  0.92
 18.6  0.92
 18.6  0.92
 18.6  0.92
 18.6  0.92
 18.6  0.92
 18.7  0.92
 18.7  0.92
 18.7  0.92
 18.7  0.92
 18.7  0.92
 18.8  0.92
 18.8  0.92
 18.8  0.92
 18.8  0.92
 18.8  0.92
 18.9  0.92
 18.9  0.92
 18.9  0.92
 18.9  0.92
 18.9  0.92
 19.0  0.92
 19.0  0.92
 19.0  0.92
 19.0  0.92
 19.0  0.92
 19.1  0.92
 19.1  0.92
 19.1  0.92
 19.1  0.92
 19.1  0.92
 19.2  0.92
 19.2  0.92
 19.2  0.92
 19.2  0.92
 19.2  0.92
 19.3  0.92
 19.3  0.92
 19.3  0.92
 19.3  0.92
 19.3  0.92
 19.4  0.92
 19.4  0.92
 19.4  0.94
 19.4  0.94
 19.4  0.94
 19.5  0.94
 19.5  0.94
 19.5  0.94
 19.5  0.94
 19.5  0.94
 19.6  0.94
 19.6  0.94
 19.6  0.94
 19.6  0.94
 19.6  0.94
 19.7  0.94
 19.7  0.94
 19.7  0.94
 19.7  0.94
 19.7  0.94
 19.8  0.94
 19.8  0.94
 19.8  0.94
 19.8  0.94
 19.8  0.94
 19.9  0.94
 19.9  0.94
 19.9  0.94
 19.9  0.94
 19.9  0.94
 20.0  0.94
 20.0  0.94
 20.0  0.94
 20.0  0.94
 20.0  0.94
 20.1  0.94
 20.1  0.94
 20.1  0.94
 20.1  0.94
 20.1  0.94
 20.2  0.94
 20.2  0.96
 20.2  0.96
 20.2  0.96
 20.2  0.96
 20.3  0.96
 20.3  0.96
 20.3  0.96
 20.3  0.96
 20.3  0.96
 20.4  0.96
 20.4  0.96
 20.4  0.96
 20.4  0.96
 20.4  0.96
 20.5  0.96
 20.5  0.96
 20.5  0.96
 20.5  0.96
 20.5  0.96
 20.6  0.96
 20.6  0.96
 20.6  0.96
 20.6  0.96
 20.6  0.96
 20.7  0.96
 20.7  0.96
 20.7  0.96
 20.7  0.96
 20.7  0.98
 20.8  0.98
 20.8  0.98
 20.8  0.98
 20.8  0.98
 20.8  0.98
 20.9  0.98
 20.9  0.98
 20.9  0.98
 20.9  0.98
 20.9  0.98
 21.0  0.98
 21.0  0.98
 21.0  0.98
 21.0  0.98
 21.0  0.98
 21.1  0.98
 21.1  0.98
 21.1  0.98
 21.1  0.98
 21.1  0.98
 21.2  1.00
 21.2  1.00
 21.2  1.00
 21.2  1.00
 21.2  1.00
 21.3  1.00
 21.3  1.00
 21.3  1.00
 21.3  1.00
 21.3  1.00
 21.4  1.00
 21.4  1.00
 21.4  1.00
 21.4  1.00
 21.4  1.00
 21.5  1.00
 21.5  1.00
 21.5  1.02
 21.5  1.02
 21.5  1.02
 21.6  1.02
 21.6  1.02
 21.6  1.02
 21.6  1.02
 21.6  1.02
 21.7  1.02
 21.7  1.02
 21.7  1.02
 21.7  1.02
 21.7  1.02
 21.8  1.02
 21.8  1.02
 21.8  1.04
 21.8  1.04
 21.8  1.04
 21.9  1.04
 21.9  1.04
 21.9  1.04
 21.9  1.04
 21.9  1.04
 22.0  1.04
 22.0  1.04
 22.0  1.04
 22.0  1.04
 22.0  1.04
 22.1  1.04
 22.1  1.04
 22.1  1.04
 22.1  1.04
 22.1  1.04
 22.2  1.06
 22.2  1.06
 22.2  1.06
 22.2  1.06
 22.2  1.06
 22.3  1.06
 22.3  1.06
 22.3  1.06
 22.3  1.06
 22.3  1.06
 22.4  1.06
 22.4  1.06
 22.4  1.06
 22.4  1.06
 22.4  1.08
 22.5  1.08
 22.5  1.08
 22.5  1.08
 22.5  1.08
 22.5  1.08
 22.6  1.08
 22.6  1.08
 22.6  1.08
 22.6  1.08
 22.6  1.08
 22.7  1.08
 22.7  1.10
 22.7  1.10
 22.7  1.10
 22.7  1.10
 22.8  1.10
 22.8  1.10
 22.8  1.10
 22.8  1.10
 22.8  1.10
 22.9  1.10
 22.9  1.12
 22.9  1.12
 22.9  1.12
 22.9  1.12
 23.0  1.12
 23.0  1.12
 23.0  1.12
 23.0  1.12
 23.0  1.12
 23.1  1.12
 23.1  1.12
 23.1  1.12
 23.1  1.12
 23.1  1.14
 23.2  1.14
 23.2  1.14
 23.2  1.14
 23.2  1.14
 23.2  1.14
 23.3  1.14
 23.3  1.14
 23.3  1.14
 23.3  1.14
 23.3  1.14
 23.4  1.14
 23.4  1.14
 23.4  1.14
 23.4  1.14
 23.4  1.14
 23.5  1.14
 23.5  1.16
 23.5  1.16
 23.5  1.16
 23.5  1.16
 23.6  1.16
 23.6  1.16
 23.6  1.16
 23.6  1.16
 23.6  1.16
 23.7  1.16
 23.7  1.16
 23.7  1.16
 23.7  1.16
 23.7  1.16
 23.8  1.16
 23.8  1.18
 23.8  1.18
 23.8  1.18
 23.8  1.18
 23.9  1.18
 23.9  1.18
 23.9  1.18
 23.9  1.18
 23.9  1.18
 24.0  1.18
 24.0  1.18
 24.0  1.18
 24.0  1.18
 24.0  1.20
 24.1  1.20
 24.1  1.20
 24.1  1.20
 24.1  1.20
 24.1  1.20
 24.2  1.20
 24.2  1.20
 24.2  1.20
 24.2  1.20
 24.2  1.20
 24.3  1.20
 24.3  1.22
 24.3  1.22
 24.3  1.22
 24.3  1.22
 24.4  1.22
 24.4  1.22
 24.4  1.22
 24.4  1.22
 24.4  1.22
 24.5  1.22
 24.5  1.22
 24.5  1.22
 24.5  1.22
 24.5  1.22
 24.6  1.22
 24.6  1.22
 24.6  1.22
 24.6  1.22
 24.6  1.22
 24.7  1.22
 24.7  1.24
 24.7  1.24
 24.7  1.24
 24.7  1.24
 24.8  1.24
 24.8  1.24
 24.8  1.24
 24.8  1.24
 24.8  1.24
 24.9  1.24
 24.9  1.24
 24.9  1.24
 24.9  1.24
 24.9  1.24
 25.0  1.24
 25.0  1.24
 25.0  1.24
 25.0  1.24
 25.0  1.24
 25.1  1.24
 25.1  1.24
 25.1  1.24
 25.1  1.24
 25.1  1.24
 25.2  1.24
 25.2  1.26
 25.2  1.26
 25.2  1.26
 25.2  1.26
 25.3  1.26
 25.3  1.26
 25.3  1.26
 25.3  1.26
 25.3  1.26
 25.4  1.26
 25.4  1.26
 25.4  1.26
 25.4  1.26
 25.4  1.26
 25.5  1.26
 25.5  1.26
 25.5  1.26
 25.5  1.26
 25.5  1.26
 25.6  1.26
 25.6  1.26
 25.6  1.26
 25.6  1.26
 25.6  1.28
 25.7  1.28
 25.7  1.28
 25.7  1.28
 25.7  1.28
 25.7  1.28
 25.8  1.28
 25.8  1.28
 25.8  1.28
 25.8  1.28
 25.8  1.28
 25.9  1.28
 25.9  1.28
 25.9  1.28
 25.9  1.28
 25.9  1.28
 26.0  1.28
 26.0  1.28
 26.0  1.28
 26.0  1.28
 26.0  1.28
 26.1  1.28
 26.1  1.28
 26.1  1.28
 26.1  1.28
 26.1  1.28
 26.2  1.28
 26.2  1.28
 26.2  1.28
 26.2  1.28
 26.2  1.28
 26.3  1.28
 26.3  1.28
 26.3  1.30
 26.3  1.30
 26.3  1.30
 26.4  1.30
 26.4  1.30
 26.4  1.30
 26.4  1.30
 26.4  1.30
 26.5  1.30
 26.5  1.30
 26.5  1.30
 26.5  1.30
 26.5  1.30
 26.6  1.30
 26.6  1.30
 26.6  1.30
 26.6  1.30
 26.6  1.30
 26.7  1.30
 26.7  1.30
 26.7  1.30
 26.7  1.30
 26.7  1.30
 26.8  1.30
 26.8  1.30
 26.8  1.30
 26.8  1.30
 26.8  1.30
 26.9  1.30
 26.9  1.30
 26.9  1.30
 26.9  1.30
 26.9  1.30
 27.0  1.30
 27.0  1.30
 27.0  1.30
 27.0  1.30
 27.0  1.30
 27.1  1.30
 27.1  1.30
 27.1  1.30
 27.1  1.32
 27.1  1.32
 27.2  1.32
 27.2  1.32
 27.2  1.32
 27.2  1.32
 27.2  1.32
 27.3  1.32
 27.3  1.32
 27.3  1.32
 27.3  1.32
 27.3  1.32
 27.4  1.32
 27.4  1.32
 27.4  1.32
 27.4  1.32
 27.4  1.32
 27.5  1.32
 27.5  1.32
 27.5  1.32
 27.5  1.32
 27.5  1.32
 27.6  1.32
 27.6  1.32
 27.6  1.32
 27.6  1.32
 27.6  1.32
 27.7  1.32
 27.7  1.32
 27.7  1.32
 27.7  1.32
 27.7  1.32
 27.8  1.32
 27.8  1.32
 27.8  1.32
 27.8  1.32
 27.8  1.32
 27.9  1.32
 27.9  1.32
 27.9  1.32
 27.9  1.32
 27.9  1.32
 28.0  1.32
 28.0  1.32
 28.0  1.32
 28.0  1.32
 28.0  1.32
 28.1  1.32
 28.1  1.32
 28.1  1.32
 28.1  1.32
 28.1  1.32
 28.2  1.32
 28.2  1.32
 28.2  1.32
 28.2  1.32
 28.2  1.32
 28.3  1.32
 28.3  1.32
 28.3  1.32
 28.3  1.32
 28.3  1.34
 28.4  1.34
 28.4  1.34
 28.4  1.34
 28.4  1.34
 28.4  1.34
 28.5  1.34
 28.5  1.34
 28.5  1.34
 28.5  1.34
 28.5  1.34
 28.6  1.34
 28.6  1.34
 28.6  1.34
 28.6  1.34
 28.6  1.34
 28.7  1.34
 28.7  1.34
 28.7  1.34
 28.7  1.34
 28.7  1.34
 28.8  1.34
 28.8  1.34
 28.8  1.34
 28.8  1.34
 28.8  1.34
 28.9  1.34
 28.9  1.34
 28.9  1.34
 28.9  1.34
 28.9  1.34
 29.0  1.34
 29.0  1.34
 29.0  1.34
 29.0  1.34
 29.0  1.34
 29.1  1.34
 29.1  1.34
 29.1  1.34
 29.1  1.34
 29.1  1.34
 29.2  1.34
 29.2  1.34
 29.2  1.34
 29.2  1.34
 29.2  1.34
 29.3  1.34
 29.3  1.34
 29.3  1.34
 29.3  1.34
 29.3  1.34
 29.4  1.34
 29.4  1.34
 29.4  1.34
 29.4  1.34
 29.4  1.34
 29.5  1.34
 29.5  1.34
 29.5  1.34
 29.5  1.34
 29.5  1.34
 29.6  1.34
 29.6  1.34
 29.6  1.34
 29.6  1.34
 29.6  1.34
 29.7  1.34
 29.7  1.34
 29.7  1.34
 29.7  1.34
 29.7  1.34
 29.8  1.34
 29.8  1.34
 29.8  1.34
 29.8  1.34
 29.8  1.34
 29.9  1.34
 29.9  1.34
 29.9  1.34
 29.9  1.34
 29.9  1.34
 30.0  1.34
 30.0  1.34
 30.0  1.34
 30.0  1.34
 30.0  1.34
 30.1  1.34
 30.1  1.34
 30.1  1.34
 30.1  1.34
 30.1  1.34
 30.2  1.34
 30.2  1.34
 30.2  1.34
 30.2  1.34
 30.2  1.34
 30.3  1.34
 30.3  1.34
 30.3  1.34
 30.3  1.34
 30.3  1.34
 30.4  1.34
 30.4  1.34
 30.4  1.34
 30.4  1.34
 30.4  1.34
 30.5  1.34
 30.5  1.34
 30.5  1.34
 30.5  1.34
 30.5  1.34
 30.6  1.34
 30.6  1.34
 30.6  1.34
 30.6  1.34
 30.6  1.34
 30.7  1.34
 30.7  1.34
 30.7  1.34
 30.7  1.34
 30.7  1.34
 30.8  1.34
 30.8  1.34
 30.8  1.34
 30.8  1.34
 30.8  1.34
 30.9  1.34
 30.9  1.34
 30.9  1.34
 30.9  1.34
 30.9  1.34
 31.0  1.34
 31.0  1.34
 31.0  1.34
 31.0  1.34
 31.0  1.34
 31.1  1.34
 31.1  1.34
 31.1  1.34
 31.1  1.34
 31.1  1.34
 31.2  1.34
 31.2  1.34
 31.2  1.34
 31.2  1.34
 31.2  1.34
 31.3  1.34
 31.3  1.34
 31.3  1.34
 31.3  1.34
 31.3  1.34
 31.4  1.34
 31.4  1.34
 31.4  1.34
 31.4  1.34
 31.4  1.34
 31.5  1.34
 31.5  1.34
 31.5  1.34
 31.5  1.34
 31.5  1.34
 31.6  1.34
 31.6  1.34
 31.6  1.34
 31.6  1.34
 31.6  1.34
 31.7  1.34
 31.7  1.34
 31.7  1.34
 31.7  1.34
 31.7  1.34
 31.8  1.34
 31.8  1.34
 31.8  1.36
 31.8  1.36
 31.8  1.36
 31.9  1.36
 31.9  1.36
 31.9  1.36
 31.9  1.36
 31.9  1.36
 32.0  1.36
 32.0  1.36
 32.0  1.36
 32.0  1.36
 32.0  1.36
 32.1  1.36
 32.1  1.36
 32.1  1.36
 32.1  1.36
 32.1  1.36
 32.2  1.36
 32.2  1.36
 32.2  1.36
 32.2  1.36
 32.2  1.36
 32.3  1.36
 32.3  1.36
 32.3  1.36
 32.3  1.36
 32.3  1.36
 32.4  1.36
 32.4  1.36
 32.4  1.36
 32.4  1.36
 32.4  1.36
 32.5  1.36
 32.5  1.36
 32.5  1.36
 32.5  1.36
 32.5  1.36
 32.6  1.36
 32.6  1.36
 32.6  1.36
 32.6  1.36
 32.6  1.36
 32.7  1.36
 32.7  1.36
 32.7  1.36
 32.7  1.36
 32.7  1.36
 32.8  1.36
 32.8  1.36
 32.8  1.36
 32.8  1.36
 32.8  1.36
 32.9  1.36
 32.9  1.36
 32.9  1.36
 32.9  1.36
 32.9  1.36
 33.0  1.36
 33.0  1.36
